Cubeta 1
1, 1, 4, 5, 5, 5, 5, 6, 6, 7, 9, 10, 11, 12, 12, 13, 14, 14, 15, 17, 17, 17, 21, 22, 22, 23, 24, 26, 29, 31, 31, 32, 33, 34, 38, 38, 40, 41, 41, 42, 42, 45, 49, 50, 50, 51, 51, 53, 54, 54, 55, 56, 57, 57, 58, 59, 60, 61, 61, 62, 63, 64, 64, 70, 70, 71, 72, 73, 74, 75, 76, 76, 77, 81, 82, 84, 87, 87, 89, 90, 91, 91, 91, 92, 92, 92, 93, 94, 96, 96, 100, 102, 104, 105, 106, 109, 109, 114, 114, 115, 116, 117, 117, 118, 118, 119, 121, 121, 124, 125, 125, 127, 131, 132, 132, 133, 133, 135, 135, 136, 136, 138, 141, 141, 141, 144, 145, 146, 146, 147, 148, 148, 149, 149, 149, 151, 152, 152, 153, 153, 154, 155, 155, 156, 156, 159, 159, 164, 164, 165, 165, 166, 166, 166, 167, 168, 168, 168, 169, 170, 173, 173, 174, 174, 175, 175, 178, 180, 181, 182, 183, 184, 184, 184, 187, 187, 188, 190, 190, 191, 191, 194, 194, 194, 195, 197, 198, 198, 199, 

Cubeta 2
202, 204, 205, 206, 208, 209, 209, 213, 215, 215, 216, 220, 223, 224, 224, 225, 226, 226, 228, 229, 230, 231, 231, 231, 231, 231, 232, 232, 233, 234, 234, 234, 237, 238, 238, 240, 240, 241, 243, 243, 243, 245, 246, 248, 248, 249, 249, 250, 251, 252, 253, 258, 259, 261, 261, 262, 263, 264, 264, 265, 265, 265, 267, 268, 269, 270, 272, 272, 274, 274, 274, 275, 276, 277, 277, 277, 278, 279, 279, 279, 280, 280, 281, 281, 281, 281, 282, 283, 284, 285, 285, 287, 289, 289, 289, 290, 294, 295, 296, 297, 297, 298, 298, 300, 303, 305, 305, 306, 306, 306, 308, 308, 310, 311, 311, 311, 311, 312, 313, 314, 315, 316, 317, 317, 319, 319, 320, 321, 321, 322, 325, 326, 326, 327, 328, 328, 330, 330, 333, 333, 334, 334, 334, 335, 336, 337, 339, 340, 341, 341, 341, 343, 344, 344, 345, 345, 345, 346, 347, 347, 347, 348, 349, 352, 352, 353, 353, 355, 356, 356, 356, 356, 356, 357, 358, 361, 363, 364, 365, 366, 370, 372, 375, 375, 378, 381, 382, 384, 385, 386, 386, 387, 388, 391, 392, 392, 393, 395, 395, 399, 

Cubeta 3
400, 401, 402, 405, 406, 407, 407, 409, 409, 410, 410, 411, 412, 414, 416, 417, 417, 418, 418, 418, 419, 419, 420, 422, 423, 423, 427, 428, 429, 430, 432, 435, 435, 436, 436, 438, 438, 439, 440, 441, 442, 442, 444, 445, 445, 446, 446, 447, 447, 448, 448, 449, 450, 451, 452, 452, 453, 455, 456, 457, 458, 462, 462, 462, 464, 465, 468, 470, 472, 472, 474, 475, 475, 475, 476, 478, 478, 479, 480, 480, 480, 481, 482, 482, 482, 483, 484, 484, 486, 487, 487, 488, 488, 492, 496, 498, 499, 501, 502, 506, 507, 508, 508, 510, 510, 511, 511, 511, 511, 513, 514, 517, 518, 519, 519, 519, 520, 522, 523, 526, 528, 528, 529, 529, 531, 533, 533, 534, 534, 535, 535, 537, 539, 539, 540, 540, 542, 542, 542, 544, 544, 545, 545, 549, 550, 552, 553, 554, 556, 557, 558, 559, 560, 561, 562, 563, 564, 565, 566, 567, 569, 569, 571, 572, 575, 576, 576, 577, 577, 577, 577, 580, 585, 585, 585, 586, 587, 587, 588, 589, 591, 592, 592, 592, 593, 593, 595, 597, 597, 599, 599, 599, 

Cubeta 4
602, 604, 604, 604, 607, 610, 611, 612, 613, 613, 614, 614, 614, 615, 616, 617, 617, 617, 619, 620, 620, 621, 621, 622, 623, 623, 623, 623, 624, 624, 624, 625, 626, 627, 627, 627, 628, 628, 632, 633, 633, 633, 636, 637, 637, 638, 638, 640, 641, 641, 641, 643, 645, 647, 647, 647, 647, 648, 649, 649, 650, 651, 651, 652, 654, 654, 657, 660, 662, 662, 665, 665, 666, 667, 667, 668, 669, 671, 671, 672, 673, 673, 676, 677, 679, 680, 680, 681, 684, 688, 689, 690, 691, 691, 692, 694, 694, 695, 696, 697, 697, 697, 697, 697, 698, 699, 700, 702, 702, 706, 707, 707, 707, 708, 710, 710, 711, 713, 713, 714, 715, 715, 716, 716, 719, 719, 719, 720, 721, 721, 723, 723, 726, 726, 727, 728, 728, 728, 728, 730, 731, 733, 735, 735, 736, 742, 742, 742, 743, 744, 744, 744, 744, 744, 745, 746, 746, 746, 747, 748, 748, 752, 753, 753, 755, 755, 756, 757, 759, 760, 762, 763, 767, 768, 770, 771, 773, 773, 774, 775, 776, 777, 777, 777, 778, 779, 780, 780, 781, 783, 784, 784, 789, 789, 789, 790, 791, 795, 797, 797, 

Cubeta 5
801, 804, 804, 805, 805, 807, 809, 812, 812, 815, 815, 815, 816, 817, 818, 820, 824, 826, 829, 833, 833, 833, 834, 834, 835, 835, 837, 837, 838, 839, 839, 841, 841, 842, 842, 842, 843, 846, 846, 848, 848, 852, 853, 856, 857, 857, 858, 860, 861, 862, 863, 864, 864, 865, 865, 865, 866, 866, 866, 867, 870, 870, 871, 873, 875, 876, 876, 877, 879, 880, 881, 883, 883, 884, 884, 884, 885, 886, 887, 888, 888, 889, 890, 891, 892, 893, 893, 894, 895, 898, 898, 899, 901, 903, 905, 906, 910, 910, 911, 912, 912, 913, 914, 918, 919, 920, 920, 920, 922, 922, 924, 925, 926, 926, 928, 929, 930, 931, 931, 932, 932, 934, 935, 935, 936, 937, 938, 938, 938, 939, 940, 940, 942, 943, 947, 947, 948, 949, 951, 954, 954, 955, 956, 956, 956, 957, 957, 957, 957, 958, 959, 959, 962, 963, 964, 970, 971, 971, 972, 972, 973, 977, 979, 979, 980, 980, 980, 980, 983, 984, 984, 985, 987, 987, 988, 990, 991, 991, 993, 993, 994, 996, 996, 996, 998, 

