401 
173 
926 
963 
913 
118 
127 
624 
442 
890 
119 
32 
911 
697 
141 
698 
745 
783 
930 
29 
436 
96 
499 
955 
164 
561 
216 
545 
954 
884 
393 
12 
697 
285 
386 
311 
780 
716 
716 
971 
912 
588 
931 
117 
586 
510 
297 
523 
38 
728 
662 
697 
409 
115 
474 
883 
599 
692 
643 
152 
96 
617 
632 
232 
448 
208 
289 
714 
228 
842 
282 
660 
910 
696 
723 
680 
775 
767 
759 
452 
468 
665 
224 
22 
920 
17 
445 
627 
771 
695 
746 
985 
998 
940 
364 
94 
540 
893 
762 
744 
613 
592 
623 
863 
812 
812 
487 
330 
263 
752 
399 
623 
352 
277 
249 
387 
243 
298 
577 
848 
77 
116 
314 
669 
886 
684 
381 
983 
335 
657 
776 
501 
539 
184 
13 
430 
531 
589 
753 
755 
934 
876 
867 
565 
753 
363 
365 
333 
621 
564 
711 
334 
996 
731 
305 
777 
949 
852 
87 
375 
17 
146 
672 
31 
779 
870 
993 
58 
651 
720 
225 
294 
173 
676 
550 
347 
366 
153 
206 
392 
348 
558 
464 
633 
31 
866 
21 
633 
262 
470 
231 
356 
220 
33 
238 
920 
691 
178 
215 
898 
451 
562 
166 
382 
860 
612 
937 
544 
400 
938 
597 
841 
444 
57 
662 
484 
757 
458 
697 
412 
649 
973 
334 
939 
622 
265 
744 
804 
439 
815 
50 
713 
70 
719 
591 
168 
888 
194 
141 
132 
109 
375 
938 
593 
281 
281 
871 
829 
617 
346 
11 
70 
956 
545 
465 
971 
319 
6 
277 
563 
628 
90 
647 
174 
888 
797 
652 
610 
195 
24 
576 
135 
104 
742 
688 
259 
597 
790 
42 
879 
152 
92 
482 
842 
453 
64 
638 
566 
333 
929 
614 
300 
427 
925 
628 
56 
641 
893 
148 
760 
607 
534 
252 
298 
457 
215 
511 
181 
198 
838 
721 
311 
599 
721 
334 
616 
483 
202 
918 
938 
446 
744 
274 
355 
261 
926 
243 
472 
287 
345 
647 
809 
708 
604 
979 
64 
84 
736 
585 
526 
980 
892 
231 
436 
92 
576 
238 
191 
209 
881 
710 
816 
472 
884 
824 
834 
297 
743 
386 
755 
321 
315 
45 
165 
641 
970 
585 
910 
452 
1 
647 
10 
447 
744 
422 
697 
480 
280 
951 
410 
560 
345 
89 
432 
154 
280 
51 
5 
4 
815 
341 
87 
411 
159 
40 
899 
621 
865 
993 
614 
480 
671 
440 
529 
517 
481 
615 
57 
846 
429 
317 
356 
723 
487 
677 
569 
337 
848 
234 
577 
229 
511 
290 
328 
5 
475 
264 
395 
353 
100 
476 
791 
155 
626 
839 
191 
903 
534 
835 
353 
744 
226 
719 
407 
654 
804 
861 
623 
789 
336 
296 
175 
438 
209 
419 
308 
49 
284 
12 
445 
943 
356 
539 
624 
50 
876 
136 
174 
9 
423 
418 
614 
279 
278 
281 
402 
602 
510 
781 
319 
507 
679 
702 
274 
118 
153 
996 
715 
843 
484 
289 
205 
313 
283 
165 
789 
667 
865 
305 
102 
289 
322 
520 
837 
277 
726 
780 
571 
956 
462 
175 
508 
42 
344 
237 
117 
91 
835 
748 
575 
979 
898 
638 
730 
385 
306 
894 
972 
932 
625 
22 
241 
349 
442 
895 
417 
994 
343 
707 
14 
857 
370 
774 
164 
587 
234 
347 
438 
352 
544 
980 
327 
820 
735 
856 
356 
279 
593 
144 
777 
699 
746 
316 
691 
801 
498 
59 
479 
156 
671 
633 
384 
231 
936 
542 
778 
777 
418 
81 
231 
528 
580 
392 
51 
957 
542 
987 
673 
488 
922 
706 
518 
569 
194 
901 
311 
673 
873 
932 
742 
747 
448 
866 
694 
549 
62 
880 
920 
15 
261 
395 
958 
311 
125 
620 
506 
234 
922 
707 
61 
420 
455 
417 
7 
91 
407 
585 
702 
784 
496 
26 
121 
5 
700 
76 
567 
248 
742 
73 
595 
270 
623 
151 
169 
815 
482 
339 
710 
559 
637 
636 
959 
243 
198 
984 
446 
138 
340 
666 
883 
167 
391 
773 
728 
649 
773 
6 
715 
928 
728 
213 
942 
875 
727 
914 
272 
330 
492 
428 
654 
109 
604 
325 
713 
285 
295 
857 
756 
834 
14 
889 
114 
977 
680 
768 
92 
637 
258 
320 
416 
306 
877 
272 
795 
224 
61 
667 
627 
991 
980 
414 
72 
482 
577 
954 
956 
690 
231 
912 
114 
74 
640 
250 
1 
372 
733 
230 
719 
184 
947 
183 
984 
592 
265 
935 
312 
931 
486 
182 
784 
905 
166 
462 
240 
627 
641 
326 
556 
728 
279 
131 
328 
647 
864 
378 
620 
306 
552 
542 
121 
145 
866 
184 
957 
406 
488 
604 
833 
746 
624 
885 
226 
689 
513 
264 
694 
862 
268 
341 
105 
853 
763 
650 
187 
409 
253 
665 
668 
321 
475 
141 
34 
155 
535 
648 
106 
267 
789 
38 
233 
194 
987 
891 
611 
388 
53 
735 
168 
347 
276 
246 
770 
511 
619 
91 
519 
190 
54 
833 
170 
275 
133 
528 
423 
617 
54 
166 
317 
846 
232 
962 
972 
948 
841 
269 
537 
707 
797 
441 
522 
748 
681 
535 
82 
418 
837 
818 
651 
5 
180 
645 
480 
148 
613 
599 
240 
168 
839 
361 
478 
265 
726 
733 
529 
738 
858 
864 
775 
919 
865 
817 
41 
502 
514 
511 
23 
730 
125 
133 
251 
533 
41 
223 
674 
249 
248 
924 
842 
750 
188 
826 
149 
55 
540 
609 
577 
794 
326 
149 
410 
199 
887 
204 
940 
988 
435 
685 
627 
707 
187 
996 
779 
245 
833 
76 
709 
478 
785 
519 
197 
947 
136 
341 
964 
935 
587 
884 
93 
344 
805 
450 
508 
906 
658 
725 
773 
190 
71 
957 
159 
641 
805 
572 
274 
554 
449 
607 
533 
447 
356 
519 
357 
303 
358 
310 
156 
63 
419 
592 
308 
345 
281 
405 
959 
124 
991 
456 
619 
295 
990 
17 
146 
807 
149 
462 
132 
323 
250 
957 
215 
980 
435 
275 
135 
750 
389 
475 
870 
557 
75 
256 
298 
60 
147 
270 
231 
338 
614 
553 
665 
